Run semi-empirical minimization
 &qmmm
    qm_theory='AM1', grms_tol=0.0005,
 scfconv=1.d-10, ndiis_attempts=700,   qmcharge=0,
 /
   6    C1       -1.8240       14.3560      -17.1230 
   6    C2       -2.0350       15.7260      -17.0730 
   6    C3       -1.7370       16.4360      -15.9180 
   6    C4       -1.2460       15.7890      -14.7950 
   6    C5       -1.0200       14.4340      -14.8430 
   6    C6       -1.3080       13.7280      -15.9980 
   6     C       -2.1380       13.5780      -18.3510 
   7    N1       -2.8170       14.0630      -19.3050 
   7    N2       -1.7420       12.3150      -18.4490 
   1     H       -2.4140       16.2190      -17.8970 
   1    H1       -1.8830       17.4570      -15.8950 
   1    H2       -1.0520       16.3190      -13.9310 
   1    H3       -0.6360       13.9440      -14.0200 
   1    H4       -1.1350       12.7110      -16.0230 
   1    H5       -3.0050       13.5170      -20.1030 
   1    H6       -1.9480       11.7960      -19.2600 
   1    H7       -1.2430       11.8970      -17.7110 

