Cpptraj Generated trajectory                                                    
  32.687  36.312  28.718  32.807  37.577  29.386  33.051  37.670  30.749  33.407
  36.509  31.456  33.282  35.236  30.841  32.842  35.162  29.498  32.188  36.198
  27.338  31.896  37.228  26.664  32.210  34.988  26.821  32.626  38.469  28.794
  33.130  38.605  31.297  33.697  36.484  32.503  33.561  34.343  31.393  32.700
  34.188  29.039  31.782  36.954  25.685  31.846  34.810  25.895  32.018  34.263
  27.500
  32.419  36.455  29.275  31.903  37.648  29.703  32.140  38.149  31.001  32.908
  37.378  31.922  33.569  36.249  31.464  33.267  35.771  30.177  32.225  35.870
  27.904  32.044  36.574  26.886  32.016  34.581  27.749  31.420  38.416  29.105
  31.728  39.111  31.292  33.063  37.696  32.949  34.154  35.597  32.107  33.752
  34.866  29.823  32.298  35.911  26.150  31.285  34.343  27.092  32.124  33.975
  28.552
  31.960  36.784  28.915  31.531  37.961  29.400  31.763  38.439  30.695  32.466
  37.615  31.564  32.709  36.266  31.173  32.515  35.837  29.771  31.693  36.478
  27.527  31.705  37.332  26.558  31.562  35.178  27.157  31.025  38.633  28.712
  31.792  39.508  30.888  32.798  37.894  32.559  33.276  35.604  31.821  32.776
  34.802  29.569  31.562  36.745  25.734  31.161  34.985  26.248  31.345  34.483
  27.859
  32.208  36.408  28.937  31.861  37.639  29.501  32.229  37.927  30.809  32.847
  36.967  31.622  33.063  35.751  31.145  32.823  35.428  29.791  32.063  36.080
  27.485  31.655  36.886  26.577  32.034  34.756  27.185  31.418  38.366  28.826
  32.023  38.895  31.255  33.009  37.179  32.675  33.513  35.004  31.792  33.122
  34.440  29.452  31.245  36.266  25.876  31.348  34.343  26.567  32.459  34.172
  27.893
  32.115  36.730  28.971  32.233  38.150  29.005  32.666  38.717  30.276  33.053
  37.947  31.353  33.018  36.565  31.236  32.395  35.948  30.110  31.652  36.081
  27.696  31.441  36.689  26.614  31.600  34.698  27.709  32.044  38.861  28.206
  32.688  39.797  30.386  33.393  38.515  32.214  33.272  35.956  32.099  32.207
  34.879  30.168  31.454  35.969  25.889  31.064  34.316  26.941  31.191  34.312
  28.550
  32.224  37.360  28.833  31.976  38.700  29.174  32.125  39.096  30.539  32.632
  38.164  31.493  33.055  36.954  31.046  32.774  36.521  29.741  31.944  36.986
  27.426  31.793  37.755  26.454  32.095  35.741  27.110  31.493  39.369  28.468
  32.041  40.154  30.768  32.869  38.381  32.531  33.421  36.234  31.772  33.042
  35.540  29.360  31.800  37.160  25.623  31.949  35.547  26.128  31.516  35.137
  27.678
  32.722  36.950  30.095  32.266  37.745  31.143  32.437  37.332  32.455  33.274
  36.226  32.777  33.704  35.434  31.702  33.379  35.753  30.400  32.518  37.357
  28.639  32.037  38.503  28.314  32.523  36.407  27.653  31.899  38.749  30.954
  32.087  37.974  33.258  33.454  35.857  33.783  34.345  34.563  31.798  33.590
  35.036  29.612  31.881  38.437  27.306  32.125  36.662  26.759  32.294  35.465
  27.944
  32.219  36.781  29.006  31.709  38.054  29.259  32.121  38.739  30.372  32.799
  38.064  31.434  33.250  36.766  31.188  33.056  36.155  29.945  31.954  35.930
  27.761  31.776  36.375  26.563  32.098  34.647  27.780  30.992  38.612  28.665
  31.637  39.700  30.519  32.840  38.537  32.410  33.752  36.111  31.894  33.525
  35.176  29.918  31.753  35.595  25.904  31.561  34.270  27.011  32.078  34.148
  28.659
  32.437  36.795  29.435  32.233  38.246  29.624  32.512  38.823  30.828  32.984
  38.063  31.894  33.228  36.672  31.713  32.957  36.054  30.507  32.185  36.205
  28.085  32.207  36.908  27.061  32.148  34.838  28.023  31.955  38.903  28.805
  32.516  39.909  30.823  33.250  38.544  32.831  33.565  36.045  32.533  33.143
  34.986  30.443  32.390  36.313  26.251  31.730  34.448  27.189  31.952  34.293
  28.852
  33.179  37.087  30.034  32.713  38.074  30.908  33.353  38.233  32.245  34.320
  37.298  32.643  34.640  36.302  31.754  34.044  36.140  30.542  32.653  37.037
  28.630  32.301  38.076  28.019  32.616  35.849  27.999  31.914  38.734  30.584
  33.065  39.004  32.954  34.774  37.279  33.629  35.399  35.584  32.051  34.320
  35.248  29.987  32.387  37.812  27.036  32.293  35.780  27.043  32.636  35.034
  28.598
